# Signatures Produced by ClassSig from 
#    Class-Grid __1000001
#    and Stack __1000000

#    Number of selected grids
/*           7
#    Layer-Number    Band-name
/*           1       E:\Remote Sensing\Class Project\Landsatimage\ClippedBands\band1\band1
/*           2       E:\Remote Sensing\Class Project\Landsatimage\ClippedBands\band2\band2
/*           3       E:\Remote Sensing\Class Project\Landsatimage\ClippedBands\band3\band3
/*           4       E:\Remote Sensing\Class Project\Landsatimage\ClippedBands\band4\band4
/*           5       E:\Remote Sensing\Class Project\Landsatimage\ClippedBands\band5\band5
/*           6       E:\Remote Sensing\Class Project\Landsatimage\ClippedBands\band6\band6
/*           7       E:\Remote Sensing\Class Project\Landsatimage\ClippedBands\band7\band7

#  Type   Number of Classes   Number of Layers    Number of Parametric Layers
    1             7                  7                         7
# ===================================================================

#  Class ID     Number of Cells    Class Name
        1              1279         1
# Layers             1             2             3             4             5             6             7
# Means    
            9.379711e+003 8.741537e+003 8.183342e+003 7.917691e+003 6.222002e+003 5.334819e+003 5.215377e+003
# Covariance
    1       5.132005e+004 7.114918e+004 1.146045e+005 1.475203e+005 3.476211e+004 2.996991e+003 7.497156e+003
    2       7.114918e+004 1.018124e+005 1.682671e+005 2.141637e+005 3.154429e+004 -1.080488e+004 8.352433e+001
    3       1.146045e+005 1.682671e+005 2.928983e+005 3.689593e+005 3.849239e+004 -3.102121e+004 -1.135385e+004
    4       1.475203e+005 2.141637e+005 3.689593e+005 5.163607e+005 9.291232e+004 -2.699793e+004 -7.457954e+003
    5       3.476211e+004 3.154429e+004 3.849239e+004 9.291232e+004 7.830453e+005 6.926010e+005 4.336850e+005
    6       2.996991e+003 -1.080488e+004 -3.102121e+004 -2.699793e+004 6.926010e+005 7.615263e+005 4.870213e+005
    7       7.497156e+003 8.352433e+001 -1.135385e+004 -7.457954e+003 4.336850e+005 4.870213e+005 3.171818e+005
# -------------------------------------------------------------------

#  Class ID     Number of Cells    Class Name
        2               573         2
# Layers             1             2             3             4             5             6             7
# Means    
            9.812075e+003 9.164729e+003 8.672777e+003 8.506485e+003 1.319143e+004 1.221302e+004 9.734941e+003
# Covariance
    1       5.268480e+005 6.272832e+005 7.420604e+005 8.953431e+005 3.630992e+005 7.612149e+005 8.908184e+005
    2       6.272832e+005 7.530585e+005 8.994561e+005 1.091270e+006 4.669216e+005 9.499949e+005 1.086772e+006
    3       7.420604e+005 8.994561e+005 1.125161e+006 1.365570e+006 7.900952e+005 1.301362e+006 1.381433e+006
    4       8.953431e+005 1.091270e+006 1.365570e+006 1.714250e+006 8.239125e+005 1.668433e+006 1.765136e+006
    5       3.630992e+005 4.669216e+005 7.900952e+005 8.239125e+005 3.637700e+006 2.429806e+006 1.395308e+006
    6       7.612149e+005 9.499949e+005 1.301362e+006 1.668433e+006 2.429806e+006 3.513796e+006 2.699930e+006
    7       8.908184e+005 1.086772e+006 1.381433e+006 1.765136e+006 1.395308e+006 2.699930e+006 2.523221e+006
# -------------------------------------------------------------------

#  Class ID     Number of Cells    Class Name
        4               961         4
# Layers             1             2             3             4             5             6             7
# Means    
            9.018040e+003 8.216501e+003 7.455245e+003 7.027882e+003 1.188805e+004 1.000239e+004 7.721145e+003
# Covariance
    1       7.485020e+004 9.138376e+004 1.176773e+005 1.762148e+005 6.078842e+004 3.903609e+005 3.073906e+005
    2       9.138376e+004 1.142370e+005 1.510858e+005 2.288968e+005 8.920114e+004 5.054217e+005 3.968579e+005
    3       1.176773e+005 1.510858e+005 2.144078e+005 3.206423e+005 1.863870e+005 6.845119e+005 5.327865e+005
    4       1.762148e+005 2.288968e+005 3.206423e+005 5.105477e+005 2.293532e+005 1.140822e+006 8.782500e+005
    5       6.078842e+004 8.920114e+004 1.863870e+005 2.293532e+005 1.072665e+006 7.136067e+005 4.188033e+005
    6       3.903609e+005 5.054217e+005 6.845119e+005 1.140822e+006 7.136067e+005 3.254981e+006 2.367713e+006
    7       3.073906e+005 3.968579e+005 5.327865e+005 8.782500e+005 4.188033e+005 2.367713e+006 1.784997e+006
# -------------------------------------------------------------------

#  Class ID     Number of Cells    Class Name
        5               675         5
# Layers             1             2             3             4             5             6             7
# Means    
            9.108784e+003 8.331449e+003 7.630698e+003 7.261399e+003 1.228681e+004 1.064856e+004 8.161508e+003
# Covariance
    1       8.181632e+004 1.028958e+005 1.362401e+005 1.940954e+005 1.640428e+005 4.930888e+005 3.625079e+005
    2       1.028958e+005 1.327183e+005 1.799140e+005 2.601252e+005 2.231316e+005 6.597919e+005 4.826899e+005
    3       1.362401e+005 1.799140e+005 2.643770e+005 3.728899e+005 4.340641e+005 9.525390e+005 6.823471e+005
    4       1.940954e+005 2.601252e+005 3.728899e+005 5.760573e+005 4.513066e+005 1.473326e+006 1.066194e+006
    5       1.640428e+005 2.231316e+005 4.340641e+005 4.513066e+005 2.652417e+006 1.865419e+006 1.075916e+006
    6       4.930888e+005 6.597919e+005 9.525390e+005 1.473326e+006 1.865419e+006 4.724282e+006 3.253974e+006
    7       3.625079e+005 4.826899e+005 6.823471e+005 1.066194e+006 1.075916e+006 3.253974e+006 2.305492e+006
# -------------------------------------------------------------------

#  Class ID     Number of Cells    Class Name
        6               187         6
# Layers             1             2             3             4             5             6             7
# Means    
            9.199941e+003 8.470535e+003 7.888914e+003 7.630914e+003 1.299428e+004 1.133373e+004 8.628102e+003
# Covariance
    1       2.112141e+005 2.600235e+005 3.586432e+005 4.832366e+005 3.778556e+005 9.665862e+005 8.097098e+005
    2       2.600235e+005 3.259099e+005 4.579098e+005 6.298174e+005 4.907438e+005 1.273324e+006 1.052741e+006
    3       3.586432e+005 4.579098e+005 6.815745e+005 9.311825e+005 8.985248e+005 1.902445e+006 1.535106e+006
    4       4.832366e+005 6.298174e+005 9.311825e+005 1.377298e+006 9.668098e+005 2.818635e+006 2.262795e+006
    5       3.778556e+005 4.907438e+005 8.985248e+005 9.668098e+005 3.870283e+006 3.157483e+006 2.039508e+006
    6       9.665862e+005 1.273324e+006 1.902445e+006 2.818635e+006 3.157483e+006 7.610236e+006 5.534324e+006
    7       8.097098e+005 1.052741e+006 1.535106e+006 2.262795e+006 2.039508e+006 5.534324e+006 4.242138e+006
# -------------------------------------------------------------------

#  Class ID     Number of Cells    Class Name
        7               735         7
# Layers             1             2             3             4             5             6             7
# Means    
            9.569252e+003 8.920789e+003 8.502080e+003 8.355144e+003 1.413229e+004 1.333394e+004 1.018019e+004
# Covariance
    1       1.927511e+005 2.378945e+005 2.692947e+005 4.079413e+005 -1.459181e+005 5.393306e+005 5.798489e+005
    2       2.378945e+005 2.986326e+005 3.453145e+005 5.305184e+005 -1.521623e+005 7.445891e+005 7.653654e+005
    3       2.692947e+005 3.453145e+005 4.509758e+005 6.454825e+005 2.352187e+005 1.011487e+006 9.277358e+005
    4       4.079413e+005 5.305184e+005 6.454825e+005 1.067255e+006 -2.487376e+005 1.733353e+006 1.622575e+006
    5       -1.459181e+005 -1.521623e+005 2.352187e+005 -2.487376e+005 5.269596e+006 1.001318e+006 -1.594704e+005
    6       5.393306e+005 7.445891e+005 1.011487e+006 1.733353e+006 1.001318e+006 4.869480e+006 3.652604e+006
    7       5.798489e+005 7.653654e+005 9.277358e+005 1.622575e+006 -1.594704e+005 3.652604e+006 3.177266e+006
# -------------------------------------------------------------------

#  Class ID     Number of Cells    Class Name
        8              2288         8
# Layers             1             2             3             4             5             6             7
# Means    
            9.260581e+003 8.480685e+003 7.696152e+003 7.343757e+003 1.055059e+004 9.797799e+003 7.899292e+003
# Covariance
    1       1.209099e+005 1.412071e+005 1.690276e+005 2.053012e+005 1.520599e+005 2.650719e+005 1.946677e+005
    2       1.412071e+005 1.689358e+005 2.066030e+005 2.592901e+005 1.981002e+005 3.512196e+005 2.516196e+005
    3       1.690276e+005 2.066030e+005 2.690352e+005 3.380246e+005 3.707325e+005 5.129131e+005 3.492700e+005
    4       2.053012e+005 2.592901e+005 3.380246e+005 4.701116e+005 4.238113e+005 7.963025e+005 5.447064e+005
    5       1.520599e+005 1.981002e+005 3.707325e+005 4.238113e+005 3.150612e+006 2.454592e+006 1.296391e+006
    6       2.650719e+005 3.512196e+005 5.129131e+005 7.963025e+005 2.454592e+006 3.552449e+006 2.188334e+006
    7       1.946677e+005 2.516196e+005 3.492700e+005 5.447064e+005 1.296391e+006 2.188334e+006 1.427985e+006
